1 0.052734375 3.7479429244995117 0.060546875 3.749723434448242
2 0.076171875 3.5677061080932617 0.091796875 3.51279878616333
3 0.087890625 3.478731632232666 0.115234375 3.4324917793273926
4 0.087890625 3.382469415664673 0.130859375 3.335836887359619
5 0.15625 3.2578766345977783 0.1328125 3.305382013320923
6 0.181640625 3.117859363555908 0.162109375 3.122523784637451
7 0.212890625 2.9584875106811523 0.23046875 2.952270030975342
8 0.2734375 2.7685036659240723 0.263671875 2.8165268898010254
9 0.31640625 2.5667223930358887 0.326171875 2.500023603439331
10 0.35546875 2.372471809387207 0.3203125 2.3469624519348145
11 0.40625 2.187746524810791 0.390625 2.205169916152954
12 0.439453125 2.0175561904907227 0.44140625 1.9492685794830322
13 0.474609375 1.870695948600769 0.50390625 1.7995991706848145
14 0.486328125 1.7445721626281738 0.548828125 1.6900453567504883
15 0.525390625 1.6333320140838623 0.546875 1.6594622135162354
16 0.56640625 1.533071756362915 0.564453125 1.5395684242248535
17 0.59765625 1.4424328804016113 0.595703125 1.3954377174377441
18 0.62109375 1.3599257469177246 0.603515625 1.371756672859192
19 0.654296875 1.2864339351654053 0.66015625 1.2192037105560303
20 0.66796875 1.2177891731262207 0.64453125 1.2416812181472778
21 0.677734375 1.1564983129501343 0.650390625 1.1810030937194824
22 0.69140625 1.1017532348632812 0.65234375 1.2570433616638184
23 0.70703125 1.0515189170837402 0.662109375 1.2000340223312378
24 0.71484375 1.006577730178833 0.744140625 0.9474718570709229
25 0.734375 0.9664544463157654 0.734375 0.9381661415100098
26 0.75 0.9288661479949951 0.69921875 0.9712331295013428
27 0.755859375 0.8934696912765503 0.763671875 0.8285038471221924
28 0.767578125 0.8615307807922363 0.759765625 0.8149441480636597
29 0.771484375 0.8304966688156128 0.7734375 0.8728973269462585
30 0.783203125 0.8014156818389893 0.75390625 0.8736134767532349
31 0.791015625 0.7740359306335449 0.783203125 0.8014791011810303
32 0.7890625 0.7487505674362183 0.787109375 0.7315914630889893
33 0.802734375 0.7247928380966187 0.791015625 0.7734187841415405
34 0.8046875 0.7024806141853333 0.8125 0.6221309900283813
35 0.810546875 0.6815544366836548 0.798828125 0.6622796058654785
36 0.818359375 0.6617113351821899 0.796875 0.7215292453765869
37 0.8203125 0.6431256532669067 0.787109375 0.8089843988418579
38 0.828125 0.6258126497268677 0.791015625 0.716657817363739
39 0.8359375 0.6089688539505005 0.841796875 0.5702440738677979
40 0.837890625 0.5936431884765625 0.845703125 0.5768096446990967
41 0.83984375 0.5793858766555786 0.81640625 0.6299195289611816
42 0.84375 0.5654129981994629 0.857421875 0.5261061191558838
43 0.84375 0.5520486831665039 0.845703125 0.5565108060836792
44 0.845703125 0.53899747133255 0.82421875 0.6142372488975525
45 0.849609375 0.5264849662780762 0.853515625 0.6064659953117371
46 0.853515625 0.5145447254180908 0.84765625 0.5584538578987122
47 0.853515625 0.5030818581581116 0.865234375 0.5016217827796936
48 0.857421875 0.4919567108154297 0.83984375 0.5263925790786743
49 0.861328125 0.48128950595855713 0.861328125 0.42653727531433105
50 0.86328125 0.4702033996582031 0.87109375 0.4567605257034302
51 0.861328125 0.4596114456653595 0.865234375 0.5378705859184265
52 0.861328125 0.4500609040260315 0.84765625 0.6152552366256714
53 0.86328125 0.4401470720767975 0.86328125 0.4995366334915161
54 0.861328125 0.43064653873443604 0.890625 0.4000770151615143
55 0.869140625 0.4219244122505188 0.8828125 0.4094976782798767
56 0.869140625 0.41271722316741943 0.859375 0.4724180996417999
57 0.873046875 0.4034046530723572 0.88671875 0.39677879214286804
58 0.873046875 0.3950614631175995 0.875 0.41115373373031616
59 0.873046875 0.38711273670196533 0.8671875 0.47749465703964233
